[   1 2000 2000 2000 2000 2000 2000 2000 2000 2000 2000 2000 2000 2000
 2000 2000 2000 2000 2000 2000 2000 2000 2000 2000 2000 2000 2000 2000
 2000 2000 2000 2000 2000 2000 2000 2000  186 2000 2000 2000 2000 2000
 2000 2000    3    3 2000  357 2000 2000 2000 2000 2000 2000 2000 2000
   58 2000 2000 2000 2000 2000 2000 2000 2000    8 2000 2000 2000 2000
 2000 2000 2000 2000 2000 2000 2000 2000 2000 2000 2000 2000 2000 2000
 2000 2000 2000 2000 2000 2000 2000 2000 2000 2000 2000 2000 2000 2000
 2000 2000 2000 2000 2000 2000 2000 2000 2000 2000    4    3    3    3
 2000 2000  373 2000 2000 2000 2000 2000 2000  570 2000 2000 2000 2000
 2000   37 2000 2000 2000   17 2000 2000 2000 2000 2000 2000 2000   26
 2000 2000 2000 2000 2000 2000 2000 2000 2000   19 2000 2000 2000 2000
 2000 2000 2000 2000 2000 2000 2000 2000 2000 2000 2000 2000 2000 2000
 2000 2000 2000 2000 2000 2000 2000 2000 2000 2000 2000    4    2]